# Made in Blockbench 4.10.4
mtllib parachute.mtl

o cube
v 0.5 0.0625 0.25
v 0.5 0.0625 -0.25
v 0.5 0 0.25
v 0.5 0 -0.25
v -0.5 0.0625 -0.25
v -0.5 0.0625 0.25
v -0.5 0 -0.25
v -0.5 0 0.25
vt 0.4125 0.7875
vt 0.6125 0.7875
vt 0.6125 0.775
vt 0.4125 0.775
vt 0.4625 0.7875
vt 0.5625 0.7875
vt 0.5625 0.775
vt 0.4625 0.775
vt 0.4125 0.7875
vt 0.6125 0.7875
vt 0.6125 0.775
vt 0.4125 0.775
vt 0.4625 0.7875
vt 0.5625 0.7875
vt 0.5625 0.775
vt 0.4625 0.775
vt 0.6125 0.6875
vt 0.4125 0.6875
vt 0.4125 0.7875
vt 0.6125 0.7875
vt 0.6125 0.7875
vt 0.4125 0.7875
vt 0.4125 0.6875
vt 0.6125 0.6875
vn 0 0 -1
vn 1 0 0
vn 0 0 1
vn -1 0 0
vn 0 1 0
vn 0 -1 0
usemtl m_0893c2e9-f688-32be-c175-d81218cd50a9
f 4/4/1 7/3/1 5/2/1 2/1/1
f 3/8/2 4/7/2 2/6/2 1/5/2
f 8/12/3 3/11/3 1/10/3 6/9/3
f 7/16/4 8/15/4 6/14/4 5/13/4
f 6/20/5 1/19/5 2/18/5 5/17/5
f 7/24/6 4/23/6 3/22/6 8/21/6
o cube1
v -1.2908180790191162 1.8184713373835093 -0.4088231307027913
v -1.2480655611034075 1.8184713373835093 -0.5262847083010298
v -0.4965555550849104 0.0058557633102094275 -0.11973521379759328
v -0.4538030371692018 0.0058557633102094275 -0.23719679139583183
v -1.2480655611034075 1.8184713373835093 -0.5262847083010298
v -1.2908180790191162 1.8184713373835093 -0.4088231307027913
v -0.4538030371692018 0.0058557633102094275 -0.23719679139583183
v -0.4965555550849104 0.0058557633102094275 -0.11973521379759328
vt 0.3 0.475
vt 0.3 0.475
vt 0.3 0.07499999999999996
vt 0.3 0.07499999999999996
vt 0.4125 0.5625
vt 0.4375 0.5625
vt 0.4375 0.16249999999999998
vt 0.4125 0.16249999999999998
vt 0.3125 0.475
vt 0.3125 0.475
vt 0.3125 0.07499999999999996
vt 0.3125 0.07499999999999996
vt 0.4125 0.5625
vt 0.4375 0.5625
vt 0.4375 0.16249999999999998
vt 0.4125 0.16249999999999998
vt 0.2125 0.8875
vt 0.2125 0.8875
vt 0.2125 0.9125
vt 0.2125 0.9125
vt 0.2125 0.875
vt 0.2125 0.875
vt 0.2125 0.85
vt 0.2125 0.85
vn 0.3420201433256689 8.326672684688674e-17 -0.9396926207859084
vn 0.8516507396391466 0.42261826174069955 0.3099755192194449
vn -0.3420201433256689 -8.326672684688674e-17 0.9396926207859084
vn -0.8516507396391466 -0.42261826174069955 -0.3099755192194449
vn -0.3971312619671029 0.9063077870366502 -0.144543958452599
vn 0.3971312619671029 -0.9063077870366502 0.144543958452599
usemtl m_0893c2e9-f688-32be-c175-d81218cd50a9
f 12/28/7 15/27/7 13/26/7 10/25/7
f 11/32/8 12/31/8 10/30/8 9/29/8
f 16/36/9 11/35/9 9/34/9 14/33/9
f 15/40/10 16/39/10 14/38/10 13/37/10
f 14/44/11 9/43/11 10/42/11 13/41/11
f 15/48/12 12/47/12 11/46/12 16/45/12
o cube2
v -1.2480655611034077 1.8184713373835093 0.52628470830103
v -1.2908180790191164 1.8184713373835093 0.4088231307027914
v -0.4538030371692018 0.0058557633102094275 0.23719679139583183
v -0.49655555508491034 0.0058557633102094275 0.11973521379759333
v -1.2908180790191164 1.8184713373835093 0.4088231307027914
v -1.2480655611034077 1.8184713373835093 0.52628470830103
v -0.49655555508491034 0.0058557633102094275 0.11973521379759333
v -0.4538030371692018 0.0058557633102094275 0.23719679139583183
vt 0 1
vt 0 1
vt 0 0.8
vt 0 0.8
vt 0.4375 0.55
vt 0.4125 0.55
vt 0.4125 0.35
vt 0.4375 0.35
vt 0 1
vt 0 1
vt 0 0.8
vt 0 0.8
vt 0.4375 0.55
vt 0.4125 0.55
vt 0.4125 0.35
vt 0.4375 0.35
vt 0 1
vt 0 1
vt 0 0.975
vt 0 0.975
vt 0 1
vt 0 1
vt 0 0.975
vt 0 0.975
vn -0.34202014332566877 1.3877787807814457e-17 -0.9396926207859084
vn 0.8516507396391465 0.42261826174069955 -0.3099755192194447
vn 0.34202014332566877 -1.3877787807814457e-17 0.9396926207859084
vn -0.8516507396391465 -0.42261826174069955 0.3099755192194447
vn -0.39713126196710297 0.9063077870366499 0.14454395845259913
vn 0.39713126196710297 -0.9063077870366499 -0.14454395845259913
usemtl m_0893c2e9-f688-32be-c175-d81218cd50a9
f 20/52/13 23/51/13 21/50/13 18/49/13
f 19/56/14 20/55/14 18/54/14 17/53/14
f 24/60/15 19/59/15 17/58/15 22/57/15
f 23/64/16 24/63/16 22/62/16 21/61/16
f 22/68/17 17/67/17 18/66/17 21/65/17
f 23/72/18 20/71/18 19/70/18 24/69/18
o cube3
v 1.2908180790191162 1.8184713373835093 -0.4088231307027913
v 1.2480655611034075 1.8184713373835093 -0.5262847083010298
v 0.49655555508491034 0.0058557633102094275 -0.11973521379759328
v 0.4538030371692018 0.0058557633102094275 -0.23719679139583183
v 1.2480655611034075 1.8184713373835093 -0.5262847083010298
v 1.2908180790191162 1.8184713373835093 -0.4088231307027913
v 0.4538030371692018 0.0058557633102094275 -0.23719679139583183
v 0.49655555508491034 0.0058557633102094275 -0.11973521379759328
vt 0.3 0.475
vt 0.3 0.475
vt 0.3 0.07499999999999996
vt 0.3 0.07499999999999996
vt 0.4375 0.5625
vt 0.4125 0.5625
vt 0.4125 0.16249999999999998
vt 0.4375 0.16249999999999998
vt 0.3125 0.475
vt 0.3125 0.475
vt 0.3125 0.07499999999999996
vt 0.3125 0.07499999999999996
vt 0.4375 0.5625
vt 0.4125 0.5625
vt 0.4125 0.16249999999999998
vt 0.4375 0.16249999999999998
vt 0.2125 0.8875
vt 0.2125 0.8875
vt 0.2125 0.9125
vt 0.2125 0.9125
vt 0.2125 0.875
vt 0.2125 0.875
vt 0.2125 0.85
vt 0.2125 0.85
vn -0.3420201433256689 8.326672684688674e-17 -0.9396926207859084
vn 0.8516507396391466 -0.42261826174069955 -0.3099755192194449
vn 0.3420201433256689 -8.326672684688674e-17 0.9396926207859084
vn -0.8516507396391466 0.42261826174069955 0.3099755192194449
vn 0.3971312619671029 0.9063077870366502 -0.144543958452599
vn -0.3971312619671029 -0.9063077870366502 0.144543958452599
usemtl m_0893c2e9-f688-32be-c175-d81218cd50a9
f 28/76/19 31/75/19 29/74/19 26/73/19
f 27/80/20 28/79/20 26/78/20 25/77/20
f 32/84/21 27/83/21 25/82/21 30/81/21
f 31/88/22 32/87/22 30/86/22 29/85/22
f 30/92/23 25/91/23 26/90/23 29/89/23
f 31/96/24 28/95/24 27/94/24 32/93/24
o cube5
v 1.2480655611034077 1.8184713373835093 0.52628470830103
v 1.2908180790191164 1.8184713373835093 0.4088231307027914
v 0.4538030371692018 0.0058557633102094275 0.23719679139583183
v 0.49655555508491034 0.0058557633102094275 0.11973521379759333
v 1.2908180790191164 1.8184713373835093 0.4088231307027914
v 1.2480655611034077 1.8184713373835093 0.52628470830103
v 0.49655555508491034 0.0058557633102094275 0.11973521379759333
v 0.4538030371692018 0.0058557633102094275 0.23719679139583183
vt 0 1
vt 0 1
vt 0 0.8
vt 0 0.8
vt 0.4125 0.55
vt 0.4375 0.55
vt 0.4375 0.35
vt 0.4125 0.35
vt 0 1
vt 0 1
vt 0 0.8
vt 0 0.8
vt 0.4125 0.55
vt 0.4375 0.55
vt 0.4375 0.35
vt 0.4125 0.35
vt 0 1
vt 0 1
vt 0 0.975
vt 0 0.975
vt 0 1
vt 0 1
vt 0 0.975
vt 0 0.975
vn 0.34202014332566877 1.3877787807814457e-17 -0.9396926207859084
vn 0.8516507396391465 -0.42261826174069955 0.3099755192194447
vn -0.34202014332566877 -1.3877787807814457e-17 0.9396926207859084
vn -0.8516507396391465 0.42261826174069955 -0.3099755192194447
vn 0.39713126196710297 0.9063077870366499 0.14454395845259913
vn -0.39713126196710297 -0.9063077870366499 -0.14454395845259913
usemtl m_0893c2e9-f688-32be-c175-d81218cd50a9
f 36/100/25 39/99/25 37/98/25 34/97/25
f 35/104/26 36/103/26 34/102/26 33/101/26
f 40/108/27 35/107/27 33/106/27 38/105/27
f 39/112/28 40/111/28 38/110/28 37/109/28
f 38/116/29 33/115/29 34/114/29 37/113/29
f 39/120/30 36/119/30 35/118/30 40/117/30
o cuboid8
v 0.45624999999999993 2.3125 0.75
v 0.45624999999999993 2.3125 -0.75
v 0.421875 2.25 0.75
v 0.421875 2.25 -0.75
v -0.45624999999999993 2.3125 0.75
v -0.45624999999999993 2.3125 -0.75
v -0.421875 2.25 0.75
v -0.421875 2.25 -0.75
vt 0.2125 0.48750000000000004
vt 0.4 0.48750000000000004
vt 0.4 0.7875
vt 0.2125 0.7875
vt 0.4 0.48750000000000004
vt 0.4 0.7875
vt 0.225 0.7875
vt 0.225 0.48750000000000004
vt 0.840625 0.65
vt 0.8474999999999999 0.6625
vt 0.665 0.6625
vt 0.671875 0.65
vt 0.8474999999999999 0.6625
vt 0.665 0.6625
vt 0.671875 0.65
vt 0.840625 0.65
vt 0.83125 0.64375
vt 0.83125 0.94375
vt 0.84375 0.94375
vt 0.84375 0.64375
vt 0.84375 0.94375
vt 0.83125 0.94375
vt 0.83125 0.64375
vt 0.84375 0.64375
vn 0 1 0
vn 0 -1 0
vn 0 0 1
vn 0 0 -1
vn 0.8762159086766474 -0.48191874977215515 0
vn -0.8762159086766474 -0.48191874977215515 0
usemtl m_0893c2e9-f688-32be-c175-d81218cd50a9
f 45/121/31 41/122/31 42/123/31 46/124/31
f 44/125/32 43/126/32 47/127/32 48/128/32
f 43/129/33 41/130/33 45/131/33 47/132/33
f 46/133/34 42/134/34 44/135/34 48/136/34
f 42/137/35 41/138/35 43/139/35 44/140/35
f 47/141/36 45/142/36 46/143/36 48/144/36
o cuboid
v 1.3191504037844375 1.8083132938682656 -0.5625000000000032
v 1.319150403784441 1.8083132938682644 0.5624999999999968
v 1.2879004037844375 1.7541867061317382 -0.5625000000000032
v 1.287900403784441 1.7541867061317369 0.5624999999999968
v 0.4531249999999976 2.3083132938682644 -0.75
v 0.45312500000000233 2.308313293868263 0.75
v 0.42187499999999767 2.254186706131737 -0.75
v 0.4218750000000024 2.2541867061317356 0.75
vt 0.86875 0.65625
vt 0.85625 0.65625
vt 0.85625 0.88125
vt 0.86875 0.88125
vt 0.85625 0.61875
vt 0.85625 0.91875
vt 0.86875 0.91875
vt 0.86875 0.61875
vt 0.2 0.9625
vt 0.2 0.7375
vt 0 0.7
vt 0 1
vt 0 1
vt 0.2 0.9625
vt 0.2 0.7375
vt 4.4408920985006264e-17 0.7
vt 0.85625 0.68125
vt 0.85625 0.88125
vt 0.86875 0.88125
vt 0.86875 0.68125
vt 0.8687500000000004 0.66875
vt 0.8562500000000004 0.66875
vt 0.8562499999999996 0.86875
vt 0.8687499999999997 0.86875
vn 0.8660254037844394 -0.4999999999999987 -3.2337539969514934e-15
vn -0.8660254037844394 0.4999999999999987 3.2337539969514934e-15
vn 0.49999999999999883 0.8660254037844395 -7.00018609398413e-16
vn -0.49999999999999883 -0.8660254037844395 7.00018609398413e-16
vn 0.15959855297967654 -0.09214426752509149 -0.9828721869343227
vn 0.15959855297968273 -0.09214426752509347 0.9828721869343213
usemtl m_0893c2e9-f688-32be-c175-d81218cd50a9
f 51/145/37 49/146/37 50/147/37 52/148/37
f 54/149/38 53/150/38 55/151/38 56/152/38
f 50/153/39 49/154/39 53/155/39 54/156/39
f 55/157/40 51/158/40 52/159/40 56/160/40
f 53/161/41 49/162/41 51/163/41 55/164/41
f 52/165/42 50/166/42 54/167/42 56/168/42
o cuboid7
v -1.3191504037844375 1.8083132938682656 -0.5625000000000032
v -1.319150403784441 1.8083132938682644 0.5624999999999968
v -1.2879004037844375 1.7541867061317382 -0.5625000000000032
v -1.287900403784441 1.7541867061317369 0.5624999999999968
v -0.4531249999999976 2.3083132938682644 -0.75
v -0.45312500000000233 2.308313293868263 0.75
v -0.42187499999999767 2.254186706131737 -0.75
v -0.4218750000000024 2.2541867061317356 0.75
vt 0.85625 0.88125
vt 0.85625 0.65625
vt 0.86875 0.65625
vt 0.86875 0.88125
vt 0.86875 0.91875
vt 0.85625 0.91875
vt 0.85625 0.61875
vt 0.86875 0.61875
vt 0 0.7
vt 0.2 0.7375
vt 0.2 0.9625
vt 0 1
vt 0.2 0.7375
vt 0.2 0.9625
vt 0 1
vt 4.4408920985006264e-17 0.7
vt 0.86875 0.88125
vt 0.85625 0.88125
vt 0.85625 0.68125
vt 0.86875 0.68125
vt 0.8562499999999996 0.86875
vt 0.8562500000000004 0.66875
vt 0.8687500000000004 0.66875
vt 0.8687499999999997 0.86875
vn -0.8660254037844394 -0.4999999999999987 -3.2337539969514934e-15
vn 0.8660254037844394 0.4999999999999987 3.2337539969514934e-15
vn -0.49999999999999883 0.8660254037844395 -7.00018609398413e-16
vn 0.49999999999999883 -0.8660254037844395 7.00018609398413e-16
vn -0.15959855297967654 -0.09214426752509149 -0.9828721869343227
vn -0.15959855297968273 -0.09214426752509347 0.9828721869343213
usemtl m_0893c2e9-f688-32be-c175-d81218cd50a9
f 58/169/43 57/170/43 59/171/43 60/172/43
f 63/173/44 61/174/44 62/175/44 64/176/44
f 61/177/45 57/178/45 58/179/45 62/180/45
f 60/181/46 59/182/46 63/183/46 64/184/46
f 59/185/47 57/186/47 61/187/47 63/188/47
f 62/189/48 58/190/48 60/191/48 64/192/48
o cube4
v 1.2908180790191162 1.8184713373835093 -0.4088231307027913
v 1.2480655611034075 1.8184713373835093 -0.5262847083010298
v 0.49655555508491034 0.0058557633102094275 -0.11973521379759328
v 0.4538030371692018 0.0058557633102094275 -0.23719679139583183
v 1.2480655611034075 1.8184713373835093 -0.5262847083010298
v 1.2908180790191162 1.8184713373835093 -0.4088231307027913
v 0.4538030371692018 0.0058557633102094275 -0.23719679139583183
v 0.49655555508491034 0.0058557633102094275 -0.11973521379759328
vt 0.3 0.475
vt 0.3 0.475
vt 0.3 0.07499999999999996
vt 0.3 0.07499999999999996
vt 0.4375 0.5625
vt 0.4125 0.5625
vt 0.4125 0.16249999999999998
vt 0.4375 0.16249999999999998
vt 0.3125 0.475
vt 0.3125 0.475
vt 0.3125 0.07499999999999996
vt 0.3125 0.07499999999999996
vt 0.4375 0.5625
vt 0.4125 0.5625
vt 0.4125 0.16249999999999998
vt 0.4375 0.16249999999999998
vt 0.2125 0.8875
vt 0.2125 0.8875
vt 0.2125 0.9125
vt 0.2125 0.9125
vt 0.2125 0.875
vt 0.2125 0.875
vt 0.2125 0.85
vt 0.2125 0.85
vn -0.3420201433256689 8.326672684688674e-17 -0.9396926207859084
vn 0.8516507396391466 -0.42261826174069955 -0.3099755192194449
vn 0.3420201433256689 -8.326672684688674e-17 0.9396926207859084
vn -0.8516507396391466 0.42261826174069955 0.3099755192194449
vn 0.3971312619671029 0.9063077870366502 -0.144543958452599
vn -0.3971312619671029 -0.9063077870366502 0.144543958452599
usemtl m_0893c2e9-f688-32be-c175-d81218cd50a9
f 68/196/49 71/195/49 69/194/49 66/193/49
f 67/200/50 68/199/50 66/198/50 65/197/50
f 72/204/51 67/203/51 65/202/51 70/201/51
f 71/208/52 72/207/52 70/206/52 69/205/52
f 70/212/53 65/211/53 66/210/53 69/209/53
f 71/216/54 68/215/54 67/214/54 72/213/54
o cube6
v -1.2908180790191162 1.8184713373835093 -0.4088231307027913
v -1.2480655611034075 1.8184713373835093 -0.5262847083010298
v -0.4965555550849104 0.0058557633102094275 -0.11973521379759328
v -0.4538030371692018 0.0058557633102094275 -0.23719679139583183
v -1.2480655611034075 1.8184713373835093 -0.5262847083010298
v -1.2908180790191162 1.8184713373835093 -0.4088231307027913
v -0.4538030371692018 0.0058557633102094275 -0.23719679139583183
v -0.4965555550849104 0.0058557633102094275 -0.11973521379759328
vt 0.3 0.475
vt 0.3 0.475
vt 0.3 0.07499999999999996
vt 0.3 0.07499999999999996
vt 0.4125 0.5625
vt 0.4375 0.5625
vt 0.4375 0.16249999999999998
vt 0.4125 0.16249999999999998
vt 0.3125 0.475
vt 0.3125 0.475
vt 0.3125 0.07499999999999996
vt 0.3125 0.07499999999999996
vt 0.4125 0.5625
vt 0.4375 0.5625
vt 0.4375 0.16249999999999998
vt 0.4125 0.16249999999999998
vt 0.2125 0.8875
vt 0.2125 0.8875
vt 0.2125 0.9125
vt 0.2125 0.9125
vt 0.2125 0.875
vt 0.2125 0.875
vt 0.2125 0.85
vt 0.2125 0.85
vn 0.3420201433256689 8.326672684688674e-17 -0.9396926207859084
vn 0.8516507396391466 0.42261826174069955 0.3099755192194449
vn -0.3420201433256689 -8.326672684688674e-17 0.9396926207859084
vn -0.8516507396391466 -0.42261826174069955 -0.3099755192194449
vn -0.3971312619671029 0.9063077870366502 -0.144543958452599
vn 0.3971312619671029 -0.9063077870366502 0.144543958452599
usemtl m_0893c2e9-f688-32be-c175-d81218cd50a9
f 76/220/55 79/219/55 77/218/55 74/217/55
f 75/224/56 76/223/56 74/222/56 73/221/56
f 80/228/57 75/227/57 73/226/57 78/225/57
f 79/232/58 80/231/58 78/230/58 77/229/58
f 78/236/59 73/235/59 74/234/59 77/233/59
f 79/240/60 76/239/60 75/238/60 80/237/60